1250	1	0
1250	2	1
1250	3	2
1250	4	3
1250	5	4
1250	6	5
1250	7	6
1250	8	7
1250	9	8
1250	10	9
1251	1	10
1251	2	11
1251	3	12
1251	4	13
1251	5	14
1251	6	15
1251	7	16
1251	8	17
1251	9	18
1251	10	19
1252	1	20
1252	2	21
1252	3	22
1252	4	23
1252	5	24
1252	6	25
1252	7	26
1252	8	27
1252	9	28
1252	10	29
1253	1	30
1253	2	31
1253	3	32
1253	4	33
1253	5	34
1253	6	35
1253	7	36
1253	8	37
1253	9	38
1253	10	39
1254	4	40
1255	1	41
1255	2	42
1255	3	43
1255	4	44
1255	5	45
1255	6	46
1255	7	47
1255	8	48
1255	9	49
1255	10	50
1256	1	51
1256	2	52
1256	3	53
1256	4	54
1256	5	55
1256	6	56
1256	7	57
1256	8	58
1256	9	59
1256	10	60
1257	1	61
1257	2	62
1257	3	63
1257	4	64
1257	5	65
1257	6	66
1257	7	67
1257	8	68
1257	9	69
1257	10	70
1258	1	71
1258	2	72
1258	3	73
1258	4	74
1258	5	75
1258	6	76
1258	7	77
1258	8	78
1258	9	79
1258	10	80
1259	1	81
1259	2	82
1259	3	83
1259	4	84
1259	5	85
1259	6	86
1259	7	87
1259	8	88
1259	9	89
1259	10	90
1260	1	91
1260	2	92
1260	3	93
1260	4	94
1260	5	95
1260	6	96
1260	7	97
1260	8	98
1260	9	99
1260	10	100
1261	1	101
1261	2	102
1261	3	103
1261	4	104
1261	5	105
1261	6	106
1261	7	107
1261	8	108
1261	9	109
1261	10	110
1262	1	111
1262	2	112
1262	3	113
1262	4	114
1262	5	115
1262	6	116
1262	7	117
1262	8	118
1262	9	119
1262	10	120
1263	1	121
1263	2	122
1263	3	123
1263	4	124
1263	5	125
1263	6	126
1263	7	127
1263	8	128
1263	9	129
1263	10	130
1264	1	131
1264	2	132
1264	3	133
1264	4	134
1264	5	135
1264	6	136
1264	7	137
1264	8	138
1264	9	139
1264	10	140
1265	1	141
1265	2	142
1265	3	143
1265	4	144
1265	5	145
1265	6	146
1265	7	147
1265	8	148
1265	9	149
1265	10	150
1266	1	151
1266	2	152
1266	3	153
1266	4	154
1266	5	155
1266	6	156
1266	7	157
1266	8	158
1266	9	159
1266	10	160
1267	6	161
1267	9	162
1268	1	163
1268	2	164
1268	3	165
1268	4	166
1268	5	167
1268	6	168
1268	7	169
1268	8	170
1268	9	171
1268	10	172
1269	1	173
1269	2	174
1269	3	175
1269	4	176
1269	5	177
1269	6	178
1269	7	179
1269	8	180
1269	9	181
1269	10	182
1270	1	183
1270	2	184
1270	3	185
1270	4	186
1270	5	187
1270	6	188
1270	7	189
1270	8	190
1270	9	191
1270	10	192
1271	1	193
1271	2	194
1271	3	195
1271	4	196
1271	5	197
1271	6	198
1271	7	199
1271	8	200
1271	9	201
1271	10	202
1272	1	203
1272	2	204
1272	3	205
1272	4	206
1272	5	207
1272	6	208
1272	7	209
1272	8	210
1272	9	211
1272	10	212
1273	1	213
1273	2	214
1273	3	215
1273	4	216
1273	5	217
1273	6	218
1273	7	219
1273	8	220
1273	9	221
1273	10	222
1274	1	223
1274	2	224
1274	3	225
1274	4	226
1274	5	227
1274	6	228
1274	7	229
1274	8	230
1274	9	231
1274	10	232
1275	1	233
1275	2	234
1275	3	235
1275	4	236
1275	5	237
1275	6	238
1275	7	239
1275	8	240
1275	9	241
1275	10	242
1276	1	243
1276	2	244
1276	3	245
1276	4	246
1276	5	247
1276	6	248
1276	7	249
1276	8	250
1276	9	251
1276	10	252
1277	1	253
1277	2	254
1277	3	255
1277	4	256
1277	5	257
1277	6	258
1277	7	259
1277	8	260
1277	9	261
1277	10	262
1278	1	263
1278	2	264
1278	3	265
1278	4	266
1278	5	267
1278	6	268
1278	7	269
1278	8	270
1278	9	271
1278	10	272
1279	2	273
1279	3	274
1279	4	275
1279	5	276
1279	6	277
1279	7	278
1279	8	279
1279	9	280
1280	1	281
1281	1	282
1281	2	283
1281	3	284
1281	4	285
1281	5	286
1281	6	287
1281	7	288
1281	8	289
1281	9	290
1281	10	291
1282	1	292
1282	2	293
1282	3	294
1282	4	295
1282	5	296
1282	6	297
1282	7	298
1282	8	299
1282	9	300
1282	10	301
1283	1	302
1283	2	303
1283	3	304
1283	4	305
1283	5	306
1283	6	307
1283	7	308
1283	8	309
1283	9	310
1283	10	311
1284	1	312
1284	2	313
1284	3	314
1284	4	315
1284	5	316
1284	6	317
1284	7	318
1284	8	319
1284	9	320
1284	10	321
1285	1	322
1285	2	323
1285	3	324
1285	4	325
1285	5	326
1285	6	327
1285	7	328
1285	8	329
1285	9	330
1285	10	331
1286	1	332
1286	2	333
1286	4	334
1286	5	335
1286	6	336
1286	7	337
1286	8	338
1286	9	339
1286	10	340
1287	9	341
1288	1	342
1288	2	343
1288	3	344
1288	4	345
1288	5	346
1288	6	347
1288	7	348
1288	8	349
1288	9	350
1288	10	351
1289	1	352
1289	2	353
1289	3	354
1289	4	355
1289	5	356
1289	6	357
1289	7	358
1289	8	359
1289	9	360
1289	10	361
1290	1	362
1290	2	363
1290	3	364
1290	4	365
1290	5	366
1290	6	367
1290	7	368
1290	8	369
1290	9	370
1290	10	371
1291	1	372
1291	2	373
1291	3	374
1291	4	375
1291	5	376
1291	6	377
1291	7	378
1291	8	379
1291	9	380
1291	10	381
1292	1	382
1292	2	383
1292	3	384
1292	4	385
1292	5	386
1292	6	387
1292	7	388
1292	8	389
1292	9	390
1292	10	391
1293	3	392
1293	4	393
1293	5	394
1293	6	395
1293	7	396
1293	8	397
1293	9	398
1293	10	399
1294	1	400
1294	2	401
1294	3	402
1294	4	403
1294	5	404
1294	6	405
1294	7	406
1294	8	407
1294	9	408
1294	10	409
1295	1	410
1295	2	411
1295	3	412
1295	4	413
1295	5	414
1295	6	415
1295	7	416
1295	8	417
1295	9	418
1295	10	419
1296	1	420
1296	2	421
1296	3	422
1296	4	423
1296	5	424
1296	6	425
1296	7	426
1296	8	427
1296	9	428
1296	10	429
1297	1	430
1297	2	431
1297	3	432
1297	4	433
1297	5	434
1297	6	435
1297	7	436
1297	8	437
1297	9	438
1297	10	439
1298	1	440
1298	2	441
1298	3	442
1298	4	443
1298	5	444
1298	6	445
1298	7	446
1298	8	447
1298	9	448
1298	10	449
1299	1	450
1299	2	451
1299	3	452
1299	4	453
1299	5	454
1299	6	455
1299	7	456
1299	8	457
1299	9	458
1299	10	459
1300	1	460
1300	2	461
1300	3	462
1300	4	463
1300	5	464
1300	6	465
1300	7	466
1300	8	467
1300	9	468
1300	10	469
1301	1	470
1301	2	471
1301	3	472
1301	4	473
1301	5	474
1301	6	475
1301	7	476
1301	8	477
1301	9	478
1301	10	479
1302	1	480
1302	2	481
1302	3	482
1302	4	483
1302	5	484
1302	6	485
1302	7	486
1302	8	487
1302	9	488
1302	10	489
1303	1	490
1303	2	491
1303	3	492
1303	4	493
1303	5	494
1303	6	495
1303	7	496
1303	8	497
1303	9	498
1303	10	499
1304	1	500
1304	2	501
1304	3	502
1304	4	503
1304	5	504
1304	6	505
1304	7	506
1304	8	507
1304	9	508
1304	10	509
1305	1	510
1305	2	511
1305	3	512
1305	4	513
1305	5	514
1305	6	515
1305	7	516
1305	8	517
1305	9	518
1305	10	519
1306	6	520
1307	1	521
1307	2	522
1307	3	523
1307	4	524
1307	5	525
1307	6	526
1307	7	527
1307	8	528
1307	9	529
1307	10	530
1308	1	531
1308	2	532
1308	3	533
1308	4	534
1308	5	535
1308	6	536
1308	7	537
1308	8	538
1308	9	539
1308	10	540
1309	1	541
1309	2	542
1309	3	543
1309	4	544
1309	5	545
1309	6	546
1309	7	547
1309	8	548
1309	9	549
1309	10	550
1310	1	551
1310	2	552
1310	3	553
1310	4	554
1310	5	555
1310	6	556
1310	7	557
1310	8	558
1310	9	559
1310	10	560
1311	1	561
1311	2	562
1311	3	563
1311	4	564
1311	5	565
1311	6	566
1311	7	567
1311	8	568
1311	9	569
1311	10	570
1312	1	571
1312	2	572
1312	3	573
1312	4	574
1312	5	575
1312	6	576
1312	7	577
1312	8	578
1312	9	579
1312	10	580
1313	1	581
1314	1	582
1314	2	583
1314	3	584
1314	4	585
1314	5	586
1314	6	587
1314	7	588
1314	8	589
1314	9	590
1314	10	591
1315	1	592
1315	2	593
1315	3	594
1315	4	595
1315	5	596
1315	6	597
1315	7	598
1315	8	599
1315	9	600
1315	10	601
1316	1	602
1316	2	603
1316	3	604
1316	4	605
1316	5	606
1316	6	607
1316	7	608
1316	8	609
1316	9	610
1316	10	611
1317	1	612
1317	2	613
1317	3	614
1317	4	615
1317	5	616
1317	6	617
1317	7	618
1317	8	619
1317	9	620
1317	10	621
1318	1	622
1318	2	623
1318	3	624
1318	4	625
1318	5	626
1318	6	627
1318	7	628
1318	8	629
1318	9	630
1318	10	631
1319	1	632
1319	2	633
1319	3	634
1319	4	635
1319	5	636
1319	6	637
1319	7	638
1319	8	639
1319	9	640
1319	10	641
1320	9	642
1321	1	643
1321	2	644
1321	3	645
1321	4	646
1321	5	647
1321	6	648
1321	7	649
1321	8	650
1321	9	651
1321	10	652
1322	1	653
1322	2	654
1322	3	655
1322	4	656
1322	5	657
1322	6	658
1322	7	659
1322	8	660
1322	9	661
1322	10	662
1323	1	663
1323	2	664
1323	3	665
1323	4	666
1323	5	667
1323	6	668
1323	7	669
1323	8	670
1323	9	671
1323	10	672
1324	1	673
1324	2	674
1324	3	675
1324	4	676
1324	5	677
1324	6	678
1324	7	679
1324	8	680
1324	9	681
1324	10	682
1325	1	683
1325	2	684
1325	3	685
1325	4	686
1325	5	687
1325	6	688
1325	7	689
1325	8	690
1325	9	691
1325	10	692
1326	6	693
1326	9	694
1327	4	695
1327	6	696
1327	9	697
1328	1	698
1328	4	699
1328	5	700
1328	6	701
1328	8	702
1328	9	703
1329	1	704
1329	2	705
1329	3	706
1329	4	707
1329	5	708
1329	6	709
1329	7	710
1329	8	711
1329	9	712
1329	10	713
1330	1	714
1330	2	715
1330	3	716
1330	4	717
1330	5	718
1330	6	719
1330	7	720
1330	8	721
1330	9	722
1330	10	723
1331	1	724
1331	2	725
1331	3	726
1331	4	727
1331	5	728
1331	6	729
1331	7	730
1331	8	731
1331	9	732
1331	10	733
1332	1	734
1332	2	735
1332	3	736
1332	4	737
1332	5	738
1332	6	739
1332	7	740
1332	8	741
1332	9	742
1332	10	743
1333	1	744
1333	2	745
1333	3	746
1333	4	747
1333	5	748
1333	6	749
1333	7	750
1333	8	751
1333	9	752
1333	10	753
1334	1	754
1334	2	755
1334	3	756
1334	4	757
1334	5	758
1334	6	759
1334	7	760
1334	8	761
1334	9	762
1334	10	763
1335	1	764
1335	2	765
1335	3	766
1335	4	767
1335	5	768
1335	6	769
1335	7	770
1335	8	771
1335	9	772
1335	10	773
1336	1	774
1336	2	775
1336	3	776
1336	4	777
1336	5	778
1336	6	779
1336	7	780
1336	8	781
1336	9	782
1336	10	783
1337	1	784
1337	2	785
1337	3	786
1337	4	787
1337	5	788
1337	6	789
1337	7	790
1337	8	791
1337	9	792
1337	10	793
1338	1	794
1338	2	795
1338	3	796
1338	4	797
1338	5	798
1338	6	799
1338	7	800
1338	8	801
1338	9	802
1338	10	803
1339	1	804
1339	2	805
1339	3	806
1339	4	807
1339	5	808
1339	6	809
1339	7	810
1339	8	811
1339	9	812
1340	5	813
1340	6	814
1340	9	815
1341	1	816
1341	2	817
1341	3	818
1341	4	819
1341	5	820
1341	6	821
1341	7	822
1341	8	823
1341	9	824
1341	10	825
1342	1	826
1342	2	827
1342	3	828
1342	4	829
1342	5	830
1342	6	831
1342	7	832
1342	8	833
1342	9	834
1342	10	835
1343	1	836
1343	2	837
1343	3	838
1343	4	839
1343	5	840
1343	6	841
1343	7	842
1343	8	843
1343	9	844
1343	10	845
1344	1	846
1344	2	847
1344	3	848
1344	4	849
1344	5	850
1344	6	851
1344	7	852
1344	8	853
1344	9	854
1344	10	855
1345	1	856
1345	2	857
1345	3	858
1345	4	859
1345	5	860
1345	6	861
1345	7	862
1345	8	863
1345	9	864
1345	10	865
1346	1	866
1346	2	867
1346	3	868
1346	4	869
1346	5	870
1346	6	871
1346	7	872
1346	8	873
1346	9	874
1346	10	875
1347	1	876
1347	2	877
1347	3	878
1347	4	879
1347	5	880
1347	6	881
1347	7	882
1347	8	883
1347	9	884
1347	10	885
1348	1	886
1348	2	887
1348	3	888
1348	4	889
1348	5	890
1348	6	891
1348	7	892
1348	8	893
1348	9	894
1348	10	895
1349	1	896
1349	2	897
1349	3	898
1349	4	899
1349	5	900
1349	6	901
1349	7	902
1349	8	903
1349	9	904
1349	10	905
1350	1	906
1350	2	907
1350	3	908
1350	4	909
1350	5	910
1350	6	911
1350	7	912
1350	8	913
1350	9	914
1350	10	915
1351	1	916
1351	2	917
1351	3	918
1351	4	919
1351	5	920
1351	6	921
1351	7	922
1351	8	923
1351	9	924
1351	10	925
1352	2	926
1352	8	927
1352	9	928
1352	10	929
1353	1	930
1353	2	931
1353	3	932
1353	4	933
1353	5	934
1353	6	935
1353	7	936
1353	8	937
1353	9	938
1353	10	939
1354	1	940
1354	2	941
1354	3	942
1354	4	943
1354	5	944
1354	6	945
1354	7	946
1354	8	947
1354	9	948
1354	10	949
1355	5	950
1355	8	951
1355	9	952
1356	1	953
1356	2	954
1356	3	955
1356	4	956
1356	5	957
1356	6	958
1356	7	959
1356	8	960
1356	9	961
1356	10	962
1357	1	963
1357	2	964
1357	3	965
1357	4	966
1357	5	967
1357	6	968
1357	7	969
1357	8	970
1357	9	971
1357	10	972
1358	1	973
1358	2	974
1358	3	975
1358	4	976
1358	5	977
1358	6	978
1358	7	979
1358	8	980
1358	9	981
1358	10	982
1359	1	983
1359	2	984
1359	3	985
1359	4	986
1359	5	987
1359	6	988
1359	7	989
1359	8	990
1359	9	991
1359	10	992
1360	1	993
1360	2	994
1360	3	995
1360	4	996
1360	5	997
1360	6	998
1360	7	999
1360	8	1000
1360	9	1001
1360	10	1002
1361	1	1003
1361	2	1004
1361	3	1005
1361	4	1006
1361	5	1007
1361	6	1008
1361	7	1009
1361	8	1010
1361	9	1011
1361	10	1012
1362	6	1013
1363	1	1014
1363	2	1015
1363	3	1016
1363	4	1017
1363	5	1018
1363	6	1019
1363	7	1020
1363	8	1021
1363	9	1022
1363	10	1023
1364	1	1024
1364	2	1025
1364	3	1026
1364	4	1027
1364	5	1028
1364	6	1029
1364	7	1030
1364	8	1031
1364	9	1032
1364	10	1033
1365	1	1034
1365	2	1035
1365	3	1036
1365	4	1037
1365	5	1038
1365	6	1039
1365	7	1040
1365	8	1041
1365	9	1042
1365	10	1043
1366	1	1044
1366	2	1045
1366	3	1046
1366	4	1047
1366	5	1048
1366	6	1049
1366	7	1050
1366	8	1051
1366	9	1052
1366	10	1053
1367	1	1054
1367	2	1055
1367	3	1056
1367	4	1057
1367	5	1058
1367	6	1059
1367	7	1060
1367	8	1061
1367	9	1062
1367	10	1063
1368	1	1064
1368	2	1065
1368	3	1066
1368	4	1067
1368	5	1068
1368	6	1069
1368	7	1070
1368	8	1071
1368	9	1072
1368	10	1073
1369	5	1074
1369	6	1075
1370	1	1076
1370	2	1077
1370	3	1078
1370	4	1079
1370	5	1080
1370	6	1081
1370	7	1082
1370	8	1083
1370	9	1084
1370	10	1085
1371	1	1086
1371	2	1087
1371	3	1088
1371	4	1089
1371	5	1090
1371	6	1091
1371	7	1092
1371	8	1093
1371	9	1094
1371	10	1095
1372	1	1096
1372	2	1097
1372	3	1098
1372	4	1099
1372	5	1100
1372	6	1101
1372	7	1102
1372	8	1103
1372	9	1104
1372	10	1105
1373	1	1106
1373	2	1107
1373	3	1108
1373	4	1109
1373	5	1110
1373	6	1111
1373	7	1112
1373	8	1113
1373	9	1114
1373	10	1115
1374	1	1116
1374	2	1117
1374	3	1118
1374	4	1119
1374	5	1120
1374	6	1121
1374	7	1122
1374	8	1123
1374	9	1124
1374	10	1125
1375	1	1126
1375	2	1127
1375	3	1128
1375	4	1129
1375	5	1130
1375	6	1131
1375	7	1132
1375	8	1133
1375	9	1134
1375	10	1135
1376	9	1136
1377	1	1137
1377	2	1138
1377	3	1139
1377	4	1140
1377	5	1141
1377	6	1142
1377	7	1143
1377	8	1144
1377	9	1145
1377	10	1146
1378	1	1147
1378	2	1148
1378	3	1149
1378	4	1150
1378	5	1151
1378	6	1152
1378	7	1153
1378	8	1154
1378	9	1155
1378	10	1156
1379	1	1157
1379	2	1158
1379	3	1159
1379	4	1160
1379	5	1161
1379	6	1162
1379	7	1163
1379	8	1164
1379	9	1165
1379	10	1166
1380	1	1167
1380	2	1168
1380	3	1169
1380	4	1170
1380	5	1171
1380	6	1172
1380	7	1173
1380	8	1174
1380	9	1175
1380	10	1176
1381	1	1177
1381	2	1178
1381	3	1179
1381	4	1180
1381	5	1181
1381	6	1182
1381	7	1183
1381	8	1184
1381	9	1185
1381	10	1186
1382	1	1187
1382	2	1188
1382	3	1189
1382	4	1190
1382	5	1191
1382	6	1192
1382	7	1193
1382	8	1194
1382	9	1195
1383	1	1196
1383	2	1197
1383	6	1198
1384	1	1199
1384	2	1200
1384	3	1201
1384	4	1202
1384	5	1203
1384	6	1204
1384	7	1205
1384	8	1206
1384	9	1207
1384	10	1208
1385	1	1209
1385	2	1210
1385	3	1211
1385	4	1212
1385	5	1213
1385	6	1214
1385	7	1215
1385	8	1216
1385	9	1217
1385	10	1218
1386	1	1219
1386	2	1220
1386	3	1221
1386	4	1222
1386	5	1223
1386	6	1224
1386	7	1225
1386	8	1226
1386	9	1227
1386	10	1228
1387	1	1229
1387	2	1230
1387	3	1231
1387	4	1232
1387	5	1233
1387	6	1234
1387	7	1235
1387	8	1236
1387	9	1237
1387	10	1238
1388	1	1239
1388	2	1240
1388	3	1241
1388	4	1242
1388	5	1243
1388	6	1244
1388	7	1245
1388	8	1246
1388	9	1247
1388	10	1248
1389	1	1249
1389	2	1250
1389	3	1251
1389	4	1252
1389	5	1253
1389	6	1254
1389	7	1255
1389	8	1256
1389	9	1257
1389	10	1258
1390	1	1259
1390	2	1260
1390	3	1261
1390	4	1262
1390	5	1263
1390	6	1264
1390	7	1265
1390	8	1266
1390	9	1267
1390	10	1268
1391	1	1269
1391	2	1270
1391	3	1271
1391	4	1272
1391	5	1273
1391	6	1274
1391	7	1275
1391	8	1276
1391	9	1277
1391	10	1278
1392	1	1279
1392	2	1280
1392	3	1281
1392	4	1282
1392	5	1283
1392	6	1284
1392	7	1285
1392	8	1286
1392	9	1287
1392	10	1288
1393	1	1289
1393	2	1290
1393	3	1291
1393	4	1292
1393	5	1293
1393	6	1294
1393	7	1295
1393	8	1296
1393	9	1297
1393	10	1298
1394	1	1299
1394	2	1300
1394	3	1301
1394	4	1302
1394	5	1303
1394	6	1304
1394	7	1305
1394	8	1306
1394	9	1307
1394	10	1308
1395	1	1309
1395	2	1310
1395	3	1311
1395	4	1312
1395	5	1313
1395	6	1314
1395	7	1315
1395	8	1316
1395	9	1317
1395	10	1318
1396	4	1319
1396	6	1320
1397	1	1321
1397	2	1322
1397	3	1323
1397	4	1324
1397	5	1325
1397	6	1326
1397	7	1327
1397	8	1328
1397	9	1329
1397	10	1330
1398	1	1331
1398	2	1332
1398	3	1333
1398	4	1334
1398	5	1335
1398	6	1336
1398	7	1337
1398	8	1338
1398	9	1339
1398	10	1340
1399	1	1341
1399	2	1342
1399	3	1343
1399	4	1344
1399	5	1345
1399	6	1346
1399	7	1347
1399	8	1348
1399	9	1349
1399	10	1350
1400	1	1351
1400	2	1352
1400	3	1353
1400	4	1354
1400	5	1355
1400	6	1356
1400	7	1357
1400	8	1358
1400	9	1359
1400	10	1360
1401	1	1361
1401	2	1362
1401	3	1363
1401	4	1364
1401	5	1365
1401	6	1366
1401	7	1367
1401	8	1368
1401	9	1369
1401	10	1370
1402	1	1371
1402	3	1372
1402	4	1373
1402	5	1374
1402	6	1375
1402	7	1376
1402	8	1377
1402	9	1378
1402	10	1379
1403	1	1380
1403	2	1381
1403	3	1382
1403	4	1383
1403	5	1384
1403	6	1385
1403	7	1386
1403	8	1387
1403	9	1388
1403	10	1389
1404	1	1390
1404	2	1391
1404	3	1392
1404	4	1393
1404	5	1394
1404	6	1395
1404	7	1396
1404	8	1397
1404	9	1398
1404	10	1399
1405	1	1400
1405	2	1401
1405	3	1402
1405	4	1403
1405	5	1404
1405	6	1405
1405	7	1406
1405	8	1407
1405	9	1408
1405	10	1409
1406	1	1410
1406	2	1411
1406	3	1412
1406	4	1413
1406	5	1414
1406	6	1415
1406	7	1416
1406	8	1417
1406	9	1418
1406	10	1419
1407	1	1420
1407	2	1421
1407	3	1422
1407	4	1423
1407	5	1424
1407	6	1425
1407	7	1426
1407	8	1427
1407	9	1428
1407	10	1429
1408	1	1430
1408	2	1431
1408	3	1432
1408	4	1433
1408	5	1434
1408	6	1435
1408	7	1436
1408	8	1437
1408	9	1438
1408	10	1439
1409	6	1440
1409	8	1441
1409	9	1442
1409	10	1443
1410	9	1444
1411	1	1445
1411	2	1446
1411	3	1447
1411	4	1448
1411	5	1449
1411	6	1450
1411	7	1451
1411	8	1452
1411	9	1453
1411	10	1454
1412	1	1455
1412	2	1456
1412	3	1457
1412	4	1458
1412	5	1459
1412	6	1460
1412	7	1461
1412	8	1462
1412	9	1463
1412	10	1464
1413	1	1465
1413	2	1466
1413	3	1467
1413	4	1468
1413	5	1469
1413	6	1470
1413	7	1471
1413	8	1472
1413	9	1473
1413	10	1474
1414	1	1475
1414	2	1476
1414	3	1477
1414	5	1478
1414	6	1479
1414	7	1480
1414	8	1481
1414	9	1482
1414	10	1483
1415	3	1484
1415	6	1485
1415	9	1486
1416	1	1487
1416	2	1488
1416	3	1489
1416	4	1490
1416	5	1491
1416	6	1492
1416	7	1493
1416	8	1494
1416	9	1495
1416	10	1496
1417	1	1497
1417	2	1498
1417	3	1499
1417	4	1500
1417	5	1501
1417	6	1502
1417	7	1503
1417	8	1504
1417	9	1505
1417	10	1506
1418	1	1507
1418	2	1508
1418	3	1509
1418	4	1510
1418	5	1511
1418	6	1512
1418	7	1513
1418	8	1514
1418	9	1515
1418	10	1516
1419	1	1517
1419	2	1518
1419	3	1519
1419	4	1520
1419	5	1521
1419	6	1522
1419	7	1523
1419	8	1524
1419	9	1525
1419	10	1526
1420	1	1527
1420	2	1528
1420	3	1529
1420	4	1530
1420	5	1531
1420	6	1532
1420	7	1533
1420	8	1534
1420	9	1535
1420	10	1536
1421	1	1537
1421	2	1538
1421	3	1539
1421	4	1540
1421	5	1541
1421	6	1542
1421	7	1543
1421	8	1544
1421	9	1545
1421	10	1546
1422	1	1547
1422	2	1548
1422	3	1549
1422	4	1550
1422	5	1551
1422	6	1552
1422	7	1553
1422	8	1554
1422	9	1555
1422	10	1556
1423	1	1557
1423	2	1558
1423	3	1559
1423	4	1560
1423	5	1561
1423	6	1562
1423	7	1563
1423	8	1564
1423	9	1565
1423	10	1566
1424	1	1567
1424	2	1568
1424	3	1569
1424	4	1570
1424	5	1571
1424	6	1572
1424	7	1573
1424	8	1574
1424	9	1575
1424	10	1576
1425	1	1577
1425	2	1578
1425	3	1579
1425	4	1580
1425	5	1581
1425	6	1582
1425	7	1583
1425	8	1584
1425	9	1585
1425	10	1586
1426	1	1587
1426	2	1588
1426	3	1589
1426	4	1590
1426	5	1591
1426	6	1592
1426	7	1593
1426	8	1594
1426	9	1595
1426	10	1596
1427	2	1597
1427	3	1598
1427	4	1599
1427	6	1600
1427	8	1601
1427	9	1602
1427	10	1603
1428	1	1604
1428	2	1605
1428	4	1606
1428	9	1607
1428	10	1608
1429	1	1609
1429	2	1610
1429	3	1611
1429	4	1612
1429	5	1613
1429	6	1614
1429	7	1615
1429	8	1616
1429	9	1617
1429	10	1618
1430	1	1619
1430	2	1620
1430	3	1621
1430	4	1622
1430	5	1623
1430	6	1624
1430	7	1625
1430	8	1626
1430	9	1627
1430	10	1628
1431	1	1629
1431	2	1630
1431	3	1631
1431	4	1632
1431	5	1633
1431	6	1634
1431	7	1635
1431	8	1636
1431	9	1637
1431	10	1638
1432	1	1639
1432	2	1640
1432	3	1641
1432	4	1642
1432	5	1643
1432	6	1644
1432	7	1645
1432	8	1646
1432	9	1647
1432	10	1648
1433	1	1649
1433	2	1650
1433	3	1651
1433	4	1652
1433	5	1653
1433	6	1654
1433	7	1655
1433	8	1656
1433	9	1657
1433	10	1658
1434	1	1659
1434	3	1660
1434	4	1661
1434	5	1662
1434	6	1663
1434	7	1664
1434	8	1665
1434	9	1666
1434	10	1667
1435	4	1668
1436	3	1669
1436	4	1670
1436	6	1671
1436	7	1672
1436	9	1673
1436	10	1674
1437	1	1675
1437	2	1676
1437	3	1677
1437	4	1678
1437	5	1679
1437	6	1680
1437	7	1681
1437	8	1682
1437	9	1683
1437	10	1684
1438	1	1685
1438	2	1686
1438	3	1687
1438	4	1688
1438	5	1689
1438	6	1690
1438	7	1691
1438	8	1692
1438	9	1693
1438	10	1694
1439	1	1695
1439	2	1696
1439	3	1697
1439	4	1698
1439	5	1699
1439	6	1700
1439	7	1701
1439	8	1702
1439	9	1703
1439	10	1704
1440	1	1705
1440	2	1706
1440	3	1707
1440	4	1708
1440	5	1709
1440	6	1710
1440	7	1711
1440	8	1712
1440	9	1713
1440	10	1714
1441	1	1715
1441	2	1716
1441	3	1717
1441	4	1718
1441	5	1719
1441	6	1720
1441	7	1721
1441	8	1722
1441	9	1723
1441	10	1724
1442	6	1725
1442	8	1726
1442	9	1727
1443	1	1728
1443	2	1729
1443	3	1730
1443	4	1731
1443	5	1732
1443	6	1733
1443	7	1734
1443	8	1735
1443	9	1736
1443	10	1737
1444	1	1738
1444	2	1739
1444	3	1740
1444	4	1741
1444	5	1742
1444	6	1743
1444	7	1744
1444	8	1745
1444	9	1746
1444	10	1747
1445	1	1748
1445	2	1749
1445	3	1750
1445	4	1751
1445	5	1752
1445	6	1753
1445	7	1754
1445	8	1755
1445	9	1756
1445	10	1757
1446	1	1758
1446	2	1759
1446	3	1760
1446	4	1761
1446	5	1762
1446	6	1763
1446	7	1764
1446	8	1765
1446	9	1766
1446	10	1767
1447	1	1768
1447	2	1769
1447	3	1770
1447	4	1771
1447	5	1772
1447	6	1773
1447	7	1774
1447	8	1775
1447	9	1776
1447	10	1777
1448	2	1778
1448	3	1779
1448	4	1780
1448	5	1781
1448	6	1782
1448	7	1783
1448	8	1784
1448	9	1785
1448	10	1786
1449	10	1787
1450	1	1788
1450	2	1789
1450	3	1790
1450	4	1791
1450	5	1792
1450	6	1793
1450	7	1794
1450	8	1795
1450	9	1796
1450	10	1797
1451	1	1798
1451	2	1799
1451	3	1800
1451	4	1801
1451	5	1802
1451	6	1803
1451	7	1804
1451	8	1805
1451	9	1806
1451	10	1807
1452	1	1808
1452	2	1809
1452	3	1810
1452	4	1811
1452	5	1812
1452	6	1813
1452	7	1814
1452	8	1815
1452	9	1816
1452	10	1817
1453	1	1818
1453	2	1819
1453	3	1820
1453	4	1821
1453	5	1822
1453	6	1823
1453	7	1824
1453	8	1825
1453	9	1826
1453	10	1827
1454	2	1828
1454	3	1829
1454	4	1830
1454	5	1831
1454	6	1832
1454	7	1833
1454	8	1834
1454	9	1835
1454	10	1836
1455	1	1837
1455	6	1838
1455	9	1839
1456	1	1840
1456	2	1841
1456	3	1842
1456	4	1843
1456	5	1844
1456	6	1845
1456	7	1846
1456	8	1847
1456	9	1848
1456	10	1849
1457	1	1850
1457	2	1851
1457	3	1852
1457	4	1853
1457	5	1854
1457	6	1855
1457	7	1856
1457	8	1857
1457	9	1858
1457	10	1859
1458	1	1860
1458	2	1861
1458	3	1862
1458	4	1863
1458	5	1864
1458	6	1865
1458	7	1866
1458	8	1867
1458	9	1868
1458	10	1869
1459	1	1870
1459	2	1871
1459	3	1872
1459	4	1873
1459	5	1874
1459	6	1875
1459	7	1876
1459	8	1877
1459	9	1878
1459	10	1879
1460	1	1880
1460	2	1881
1460	3	1882
1460	4	1883
1460	5	1884
1460	6	1885
1460	7	1886
1460	8	1887
1460	9	1888
1460	10	1889
1461	1	1890
1461	2	1891
1461	3	1892
1461	4	1893
1461	5	1894
1461	6	1895
1461	7	1896
1461	8	1897
1461	9	1898
1461	10	1899
1462	1	1900
1462	2	1901
1462	4	1902
1462	5	1903
1462	6	1904
1462	9	1905
1462	10	1906
1463	6	1907
1464	1	1908
1464	3	1909
1464	4	1910
1464	6	1911
1464	7	1912
1464	9	1913
1464	10	1914
1465	1	1915
1465	2	1916
1465	3	1917
1465	4	1918
1465	5	1919
1465	6	1920
1465	7	1921
1465	8	1922
1465	9	1923
1465	10	1924
1466	1	1925
1466	2	1926
1466	3	1927
1466	4	1928
1466	5	1929
1466	6	1930
1466	7	1931
1466	8	1932
1466	9	1933
1466	10	1934
1467	1	1935
1467	2	1936
1467	3	1937
1467	4	1938
1467	5	1939
1467	6	1940
1467	7	1941
1467	8	1942
1467	9	1943
1467	10	1944
1468	1	1945
1468	2	1946
1468	3	1947
1468	4	1948
1468	5	1949
1468	6	1950
1468	7	1951
1468	8	1952
1468	9	1953
1468	10	1954
1469	1	1955
1469	2	1956
1469	3	1957
1469	4	1958
1469	5	1959
1469	6	1960
1469	7	1961
1469	8	1962
1469	9	1963
1469	10	1964
1470	1	1965
1470	2	1966
1470	3	1967
1470	4	1968
1470	5	1969
1470	6	1970
1470	7	1971
1470	8	1972
1470	9	1973
1470	10	1974
1471	1	1975
1471	2	1976
1471	3	1977
1471	4	1978
1471	5	1979
1471	6	1980
1471	7	1981
1471	8	1982
1471	9	1983
1471	10	1984
1472	1	1985
1472	2	1986
1472	3	1987
1472	4	1988
1472	5	1989
1472	6	1990
1472	7	1991
1472	8	1992
1472	9	1993
1472	10	1994
1473	1	1995
1473	2	1996
1473	3	1997
1473	4	1998
1473	5	1999
1473	6	2000
1473	7	2001
1473	8	2002
1473	9	2003
1473	10	2004
1474	1	2005
1474	2	2006
1474	3	2007
1474	4	2008
1474	5	2009
1474	6	2010
1474	7	2011
1474	8	2012
1474	9	2013
1474	10	2014
1475	3	2015
1475	6	2016
1475	9	2017
1475	10	2018
1476	1	2019
1476	2	2020
1476	3	2021
1476	4	2022
1476	5	2023
1476	6	2024
1476	7	2025
1476	8	2026
1476	9	2027
1476	10	2028
1477	1	2029
1477	2	2030
1477	3	2031
1477	4	2032
1477	5	2033
1477	6	2034
1477	7	2035
1477	8	2036
1477	9	2037
1477	10	2038
1478	1	2039
1478	2	2040
1478	3	2041
1478	4	2042
1478	5	2043
1478	6	2044
1478	7	2045
1478	8	2046
1478	9	2047
1478	10	2048
1479	1	2049
1479	2	2050
1479	3	2051
1479	4	2052
1479	5	2053
1479	6	2054
1479	7	2055
1479	8	2056
1479	9	2057
1479	10	2058
1480	1	2059
1480	2	2060
1480	3	2061
1480	4	2062
1480	5	2063
1480	6	2064
1480	7	2065
1480	8	2066
1480	9	2067
1480	10	2068
1481	1	2069
1481	2	2070
1481	3	2071
1481	4	2072
1481	5	2073
1481	6	2074
1481	7	2075
1481	8	2076
1481	9	2077
1481	10	2078
1482	1	2079
1482	2	2080
1482	4	2081
1482	8	2082
1482	9	2083
1483	1	2084
1483	2	2085
1483	3	2086
1483	4	2087
1483	5	2088
1483	6	2089
1483	7	2090
1483	8	2091
1483	9	2092
1483	10	2093
1484	1	2094
1484	2	2095
1484	3	2096
1484	4	2097
1484	5	2098
1484	6	2099
1484	7	2100
1484	8	2101
1484	9	2102
1484	10	2103
1485	1	2104
1485	2	2105
1485	3	2106
1485	4	2107
1485	5	2108
1485	6	2109
1485	7	2110
1485	8	2111
1485	9	2112
1485	10	2113
1486	1	2114
1486	2	2115
1486	3	2116
1486	4	2117
1486	5	2118
1486	6	2119
1486	7	2120
1486	8	2121
1486	9	2122
1486	10	2123
1487	1	2124
1487	2	2125
1487	3	2126
1487	4	2127
1487	5	2128
1487	6	2129
1487	7	2130
1487	8	2131
1487	9	2132
1487	10	2133
1488	1	2134
1488	2	2135
1488	3	2136
1488	4	2137
1488	5	2138
1488	6	2139
1488	7	2140
1488	8	2141
1488	9	2142
1488	10	2143
1489	4	2144
1489	6	2145
1489	7	2146
1489	9	2147
1489	10	2148
1490	1	2149
1490	2	2150
1490	3	2151
1490	4	2152
1490	5	2153
1490	6	2154
1490	7	2155
1490	8	2156
1490	9	2157
1490	10	2158
1491	1	2159
1491	2	2160
1491	3	2161
1491	4	2162
1491	5	2163
1491	6	2164
1491	7	2165
1491	8	2166
1491	9	2167
1491	10	2168
1492	1	2169
1492	2	2170
1492	3	2171
1492	4	2172
1492	5	2173
1492	6	2174
1492	7	2175
1492	8	2176
1492	9	2177
1492	10	2178
1493	1	2179
1493	2	2180
1493	3	2181
1493	4	2182
1493	5	2183
1493	6	2184
1493	7	2185
1493	8	2186
1493	9	2187
1493	10	2188
1494	1	2189
1494	2	2190
1494	3	2191
1494	4	2192
1494	5	2193
1494	6	2194
1494	7	2195
1494	8	2196
1494	9	2197
1494	10	2198
1495	1	2199
1495	2	2200
1495	3	2201
1495	4	2202
1495	5	2203
1495	6	2204
1495	7	2205
1495	8	2206
1495	9	2207
1495	10	2208
1496	4	2209
1496	9	2210
1496	10	2211
1497	1	2212
1497	2	2213
1497	3	2214
1497	4	2215
1497	5	2216
1497	6	2217
1497	7	2218
1497	8	2219
1497	9	2220
1497	10	2221
1498	1	2222
1498	2	2223
1498	3	2224
1498	4	2225
1498	5	2226
1498	6	2227
1498	7	2228
1498	8	2229
1498	9	2230
1498	10	2231
1499	1	2232
1499	2	2233
1499	3	2234
1499	4	2235
1499	5	2236
1499	6	2237
1499	7	2238
1499	8	2239
1499	9	2240
1499	10	2241
1500	1	2242
1500	2	2243
1500	3	2244
1500	4	2245
1500	5	2246
1500	6	2247
1500	7	2248
1500	8	2249
1500	9	2250
1500	10	2251
1501	1	2252
1501	2	2253
1501	3	2254
1501	4	2255
1501	5	2256
1501	6	2257
1501	7	2258
1501	8	2259
1501	9	2260
1501	10	2261
1502	1	2262
1502	2	2263
1502	3	2264
1502	4	2265
1502	5	2266
1502	6	2267
1502	7	2268
1502	8	2269
1502	9	2270
1502	10	2271
1503	2	2272
1503	4	2273
1503	6	2274
1503	9	2275
1504	1	2276
1504	2	2277
1504	3	2278
1504	4	2279
1504	5	2280
1504	6	2281
1504	7	2282
1504	8	2283
1504	9	2284
1504	10	2285
1505	1	2286
1505	2	2287
1505	3	2288
1505	4	2289
1505	5	2290
1505	6	2291
1505	7	2292
1505	8	2293
1505	9	2294
1505	10	2295
1506	1	2296
1506	2	2297
1506	3	2298
1506	4	2299
1506	5	2300
1506	6	2301
1506	7	2302
1506	8	2303
1506	9	2304
1506	10	2305
1507	1	2306
1507	2	2307
1507	3	2308
1507	4	2309
1507	5	2310
1507	6	2311
1507	7	2312
1507	8	2313
1507	9	2314
1507	10	2315
1508	1	2316
1508	2	2317
1508	3	2318
1508	4	2319
1508	5	2320
1508	6	2321
1508	7	2322
1508	8	2323
1508	9	2324
1508	10	2325
1509	1	2326
1509	3	2327
1509	4	2328
1509	5	2329
1509	6	2330
1509	7	2331
1509	8	2332
1509	9	2333
1509	10	2334
1510	3	2335
1510	4	2336
1510	6	2337
1510	9	2338
1510	10	2339
1511	1	2340
1511	2	2341
1511	3	2342
1511	4	2343
1511	5	2344
1511	6	2345
1511	7	2346
1511	8	2347
1511	9	2348
1511	10	2349
1512	1	2350
1512	2	2351
1512	3	2352
1512	4	2353
1512	5	2354
1512	6	2355
1512	7	2356
1512	8	2357
1512	9	2358
1512	10	2359
1513	1	2360
1513	2	2361
1513	3	2362
1513	4	2363
1513	5	2364
1513	6	2365
1513	7	2366
1513	8	2367
1513	9	2368
1513	10	2369
1514	1	2370
1514	2	2371
1514	3	2372
1514	4	2373
1514	5	2374
1514	6	2375
1514	7	2376
1514	8	2377
1514	9	2378
1514	10	2379
1515	1	2380
1515	2	2381
1515	3	2382
1515	4	2383
1515	5	2384
1515	6	2385
1515	7	2386
1515	8	2387
1515	9	2388
1515	10	2389
1516	2	2390
1516	3	2391
1516	4	2392
1516	5	2393
1516	6	2394
1516	7	2395
1516	8	2396
1516	9	2397
1516	10	2398
1517	1	2399
1517	2	2400
1517	3	2401
1517	4	2402
1517	9	2403
1517	10	2404
1518	1	2405
1518	2	2406
1518	3	2407
1518	4	2408
1518	5	2409
1518	6	2410
1518	7	2411
1518	8	2412
1518	9	2413
1518	10	2414
1519	1	2415
1519	2	2416
1519	3	2417
1519	4	2418
1519	5	2419
1519	6	2420
1519	7	2421
1519	8	2422
1519	9	2423
1519	10	2424
1520	1	2425
1520	2	2426
1520	3	2427
1520	4	2428
1520	5	2429
1520	6	2430
1520	7	2431
1520	8	2432
1520	9	2433
1520	10	2434
1521	1	2435
1521	2	2436
1521	3	2437
1521	4	2438
1521	5	2439
1521	6	2440
1521	7	2441
1521	8	2442
1521	9	2443
1521	10	2444
1522	1	2445
1522	2	2446
1522	3	2447
1522	4	2448
1522	5	2449
1522	6	2450
1522	7	2451
1522	8	2452
1522	9	2453
1522	10	2454
1523	1	2455
1523	2	2456
1523	3	2457
1523	4	2458
1523	5	2459
1523	6	2460
1523	7	2461
1523	8	2462
1523	9	2463
1523	10	2464
1524	1	2465
1524	3	2466
1524	6	2467
1524	7	2468
1524	9	2469
1524	10	2470
1525	1	2471
1525	2	2472
1525	3	2473
1525	4	2474
1525	5	2475
1525	6	2476
1525	7	2477
1525	8	2478
1525	9	2479
1525	10	2480
1526	1	2481
1526	2	2482
1526	3	2483
1526	4	2484
1526	5	2485
1526	6	2486
1526	7	2487
1526	8	2488
1526	9	2489
1526	10	2490
1527	1	2491
1527	2	2492
1527	3	2493
1527	4	2494
1527	5	2495
1527	6	2496
1527	7	2497
1527	8	2498
1527	9	2499
1527	10	2500
1528	1	2501
1528	2	2502
1528	3	2503
1528	4	2504
1528	5	2505
1528	6	2506
1528	7	2507
1528	8	2508
1528	9	2509
1528	10	2510
1529	1	2511
1529	2	2512
1529	3	2513
1529	4	2514
1529	5	2515
1529	6	2516
1529	7	2517
1529	8	2518
1529	9	2519
1529	10	2520
1530	1	2521
1530	2	2522
1530	3	2523
1530	4	2524
1530	5	2525
1530	6	2526
1530	7	2527
1530	8	2528
1530	9	2529
1530	10	2530
1531	4	2531
1531	6	2532
1531	7	2533
1532	1	2534
1532	2	2535
1532	3	2536
1532	4	2537
1532	5	2538
1532	6	2539
1532	7	2540
1532	8	2541
1532	9	2542
1532	10	2543
1533	1	2544
1533	2	2545
1533	3	2546
1533	4	2547
1533	5	2548
1533	6	2549
1533	7	2550
1533	8	2551
1533	9	2552
1533	10	2553
1534	1	2554
1534	2	2555
1534	3	2556
1534	4	2557
1534	5	2558
1534	6	2559
1534	7	2560
1534	8	2561
1534	9	2562
1534	10	2563
1535	1	2564
1535	2	2565
1535	3	2566
1535	4	2567
1535	5	2568
1535	6	2569
1535	7	2570
1535	8	2571
1535	9	2572
1535	10	2573
1536	1	2574
1536	2	2575
1536	3	2576
1536	4	2577
1536	5	2578
1536	6	2579
1536	7	2580
1536	8	2581
1536	9	2582
1536	10	2583
1537	1	2584
1537	2	2585
1537	3	2586
1537	4	2587
1537	5	2588
1537	6	2589
1537	7	2590
1537	8	2591
1537	9	2592
1537	10	2593
1538	4	2594
1538	6	2595
1538	7	2596
1538	9	2597
1539	1	2598
1539	2	2599
1539	3	2600
1539	4	2601
1539	5	2602
1539	6	2603
1539	7	2604
1539	8	2605
1539	9	2606
1539	10	2607
1540	1	2608
1540	2	2609
1540	3	2610
1540	4	2611
1540	5	2612
1540	6	2613
1540	7	2614
1540	8	2615
1540	9	2616
1540	10	2617
1541	1	2618
1541	2	2619
1541	3	2620
1541	4	2621
1541	5	2622
1541	6	2623
1541	7	2624
1541	8	2625
1541	9	2626
1541	10	2627
1542	1	2628
1542	2	2629
1542	3	2630
1542	4	2631
1542	5	2632
1542	6	2633
1542	7	2634
1542	8	2635
1542	9	2636
1542	10	2637
1543	1	2638
1543	2	2639
1543	3	2640
1543	4	2641
1543	5	2642
1543	6	2643
1543	7	2644
1543	8	2645
1543	9	2646
1543	10	2647
1544	1	2648
1544	2	2649
1544	3	2650
1544	4	2651
1544	5	2652
1544	6	2653
1544	7	2654
1544	8	2655
1544	9	2656
1544	10	2657
1545	1	2658
1545	2	2659
1545	3	2660
1545	4	2661
1545	5	2662
1545	6	2663
1545	7	2664
1545	8	2665
1545	9	2666
1545	10	2667
1546	1	2668
1546	2	2669
1546	3	2670
1546	4	2671
1546	5	2672
1546	6	2673
1546	7	2674
1546	8	2675
1546	9	2676
1546	10	2677
1547	1	2678
1547	2	2679
1547	3	2680
1547	4	2681
1547	5	2682
1547	6	2683
1547	7	2684
1547	8	2685
1547	9	2686
1547	10	2687
1548	1	2688
1548	2	2689
1548	3	2690
1548	4	2691
1548	5	2692
1548	6	2693
1548	7	2694
1548	8	2695
1548	9	2696
1548	10	2697
1549	1	2698
1549	2	2699
1549	3	2700
1549	4	2701
1549	5	2702
1549	6	2703
1549	7	2704
1549	8	2705
1549	9	2706
1549	10	2707
1550	1	2708
1550	2	2709
1550	3	2710
1550	4	2711
1550	5	2712
1550	6	2713
1550	7	2714
1550	8	2715
1550	9	2716
1550	10	2717
1551	1	2718
1551	2	2719
1551	4	2720
1551	6	2721
1552	1	2722
1552	2	2723
1552	3	2724
1552	4	2725
1552	5	2726
1552	6	2727
1552	7	2728
1552	8	2729
1552	9	2730
1552	10	2731
1553	1	2732
1553	2	2733
1553	3	2734
1553	4	2735
1553	5	2736
1553	6	2737
1553	7	2738
1553	8	2739
1553	9	2740
1553	10	2741
1554	1	2742
1554	2	2743
1554	3	2744
1554	4	2745
1554	5	2746
1554	6	2747
1554	7	2748
1554	8	2749
1554	9	2750
1554	10	2751
1555	1	2752
1555	2	2753
1555	3	2754
1555	4	2755
1555	5	2756
1555	6	2757
1555	7	2758
1555	8	2759
1555	9	2760
1555	10	2761
1556	1	2762
1556	2	2763
1556	3	2764
1556	4	2765
1556	5	2766
1556	6	2767
1556	7	2768
1556	8	2769
1556	9	2770
1556	10	2771
1557	4	2772
1557	6	2773
1557	9	2774
1557	10	2775
1558	1	2776
1558	2	2777
1558	3	2778
1558	4	2779
1558	5	2780
1558	6	2781
1558	7	2782
1558	8	2783
1558	9	2784
1558	10	2785
1559	1	2786
1559	2	2787
1559	3	2788
1559	4	2789
1559	5	2790
1559	6	2791
1559	7	2792
1559	8	2793
1559	9	2794
1559	10	2795
1560	1	2796
1560	2	2797
1560	3	2798
1560	4	2799
1560	5	2800
1560	6	2801
1560	7	2802
1560	8	2803
1560	9	2804
1560	10	2805
1561	1	2806
1561	2	2807
1561	3	2808
1561	4	2809
1561	5	2810
1561	6	2811
1561	7	2812
1561	8	2813
1561	9	2814
1561	10	2815
1562	1	2816
1562	2	2817
1562	3	2818
1562	4	2819
1562	5	2820
1562	6	2821
1562	7	2822
1562	8	2823
1562	9	2824
1562	10	2825
1563	1	2826
1563	2	2827
1563	3	2828
1563	4	2829
1563	5	2830
1563	6	2831
1563	7	2832
1563	8	2833
1563	9	2834
1563	10	2835
1564	1	2836
1564	8	2837
1564	10	2838
1565	1	2839
1565	2	2840
1565	3	2841
1565	4	2842
1565	5	2843
1565	6	2844
1565	7	2845
1565	8	2846
1565	9	2847
1565	10	2848
1566	1	2849
1566	2	2850
1566	3	2851
1566	4	2852
1566	5	2853
1566	6	2854
1566	7	2855
1566	8	2856
1566	9	2857
1566	10	2858
1567	1	2859
1567	2	2860
1567	3	2861
1567	4	2862
1567	5	2863
1567	6	2864
1567	7	2865
1567	8	2866
1567	9	2867
1567	10	2868
1568	1	2869
1568	2	2870
1568	3	2871
1568	4	2872
1568	5	2873
1568	6	2874
1568	7	2875
1568	8	2876
1568	9	2877
1568	10	2878
1569	1	2879
1569	2	2880
1569	3	2881
1569	4	2882
1569	5	2883
1569	6	2884
1569	7	2885
1569	8	2886
1569	9	2887
1569	10	2888
1570	1	2889
1570	2	2890
1570	3	2891
1570	4	2892
1570	5	2893
1570	6	2894
1570	7	2895
1570	8	2896
1570	9	2897
1570	10	2898
1571	1	2899
1571	2	2900
1571	5	2901
1571	6	2902
1571	7	2903
1571	9	2904
1571	10	2905
1572	1	2906
1572	2	2907
1572	3	2908
1572	4	2909
1572	5	2910
1572	6	2911
1572	7	2912
1572	8	2913
1572	9	2914
1572	10	2915
1573	1	2916
1573	2	2917
1573	3	2918
1573	4	2919
1573	5	2920
1573	6	2921
1573	7	2922
1573	8	2923
1573	9	2924
1573	10	2925
1574	1	2926
1574	2	2927
1574	3	2928
1574	4	2929
1574	5	2930
1574	6	2931
1574	7	2932
1574	8	2933
1574	9	2934
1574	10	2935
1575	1	2936
1575	2	2937
1575	3	2938
1575	4	2939
1575	5	2940
1575	6	2941
1575	7	2942
1575	8	2943
1575	9	2944
1575	10	2945
1576	1	2946
1576	2	2947
1576	3	2948
1576	4	2949
1576	5	2950
1576	6	2951
1576	7	2952
1576	8	2953
1576	9	2954
1576	10	2955
1577	1	2956
1577	2	2957
1577	3	2958
1577	4	2959
1577	5	2960
1577	6	2961
1577	7	2962
1577	8	2963
1577	9	2964
1577	10	2965
1578	1	2966
1578	2	2967
1578	3	2968
1578	4	2969
1578	5	2970
1578	6	2971
1578	7	2972
1578	8	2973
1578	9	2974
1578	10	2975
1579	1	2976
1579	2	2977
1579	3	2978
1579	4	2979
1579	5	2980
1579	6	2981
1579	7	2982
1579	8	2983
1579	9	2984
1579	10	2985
1580	1	2986
1580	2	2987
1580	3	2988
1580	4	2989
1580	5	2990
1580	6	2991
1580	7	2992
1580	8	2993
1580	9	2994
1580	10	2995
1581	1	2996
1581	2	2997
1581	3	2998
1581	4	2999
1581	5	3000
1581	6	3001
1581	7	3002
1581	8	3003
1581	9	3004
1581	10	3005
1582	1	3006
1582	2	3007
1582	3	3008
1582	4	3009
1582	5	3010
1582	6	3011
1582	7	3012
1582	8	3013
1582	9	3014
1582	10	3015
1583	1	3016
1583	2	3017
1583	3	3018
1583	4	3019
1583	5	3020
1583	6	3021
1583	7	3022
1583	8	3023
1583	9	3024
1583	10	3025
1584	2	3026
1584	6	3027
1584	7	3028
1584	9	3029
1584	10	3030
1585	2	3031
1585	8	3032
1585	9	3033
1586	2	3034
1586	3	3035
1586	4	3036
1586	6	3037
1586	7	3038
1586	8	3039
1587	1	3040
1587	2	3041
1587	4	3042
1587	6	3043
1587	8	3044
1587	9	3045
1587	10	3046
1588	1	3047
1588	2	3048
1588	3	3049
1588	4	3050
1588	6	3051
1588	7	3052
1588	8	3053
1588	9	3054
1588	10	3055
1589	1	3056
1589	3	3057
1589	4	3058
1589	6	3059
1589	7	3060
1589	8	3061
1589	9	3062
1589	10	3063
1590	1	3064
1590	2	3065
1590	3	3066
1590	4	3067
1590	5	3068
1590	6	3069
1590	7	3070
1590	8	3071
1590	9	3072
1590	10	3073
1591	1	3074
1591	2	3075
1591	3	3076
1591	4	3077
1591	5	3078
1591	6	3079
1591	7	3080
1591	8	3081
1591	9	3082
1591	10	3083
1592	1	3084
1592	2	3085
1592	3	3086
1592	4	3087
1592	5	3088
1592	6	3089
1592	7	3090
1592	8	3091
1592	9	3092
1592	10	3093
1593	1	3094
1593	2	3095
1593	3	3096
1593	4	3097
1593	5	3098
1593	6	3099
1593	7	3100
1593	8	3101
1593	9	3102
1593	10	3103
1594	1	3104
1594	2	3105
1594	3	3106
1594	4	3107
1594	5	3108
1594	6	3109
1594	7	3110
1594	8	3111
1594	9	3112
1594	10	3113
1595	1	3114
1595	2	3115
1595	3	3116
1595	4	3117
1595	5	3118
1595	6	3119
1595	7	3120
1595	8	3121
1595	9	3122
1595	10	3123
1596	1	3124
1596	4	3125
1596	5	3126
1596	6	3127
1596	7	3128
1596	9	3129
1596	10	3130
1597	1	3131
1597	2	3132
1597	3	3133
1597	4	3134
1597	5	3135
1597	6	3136
1597	7	3137
1597	8	3138
1597	9	3139
1597	10	3140
1598	1	3141
1598	2	3142
1598	3	3143
1598	4	3144
1598	5	3145
1598	6	3146
1598	7	3147
1598	8	3148
1598	9	3149
1598	10	3150
1599	1	3151
1599	2	3152
1599	3	3153
1599	4	3154
1599	5	3155
1599	6	3156
1599	7	3157
1599	8	3158
1599	9	3159
1599	10	3160
1600	1	3161
1600	2	3162
1600	3	3163
1600	4	3164
1600	5	3165
1600	6	3166
1600	7	3167
1600	8	3168
1600	9	3169
1600	10	3170
1601	1	3171
1601	2	3172
1601	3	3173
1601	4	3174
1601	5	3175
1601	6	3176
1601	7	3177
1601	8	3178
1601	9	3179
1601	10	3180
1602	1	3181
1602	2	3182
1602	3	3183
1602	4	3184
1602	5	3185
1602	6	3186
1602	7	3187
1602	8	3188
1602	9	3189
1602	10	3190
1603	1	3191
1603	2	3192
1603	3	3193
1603	4	3194
1603	6	3195
1603	7	3196
1603	8	3197
1603	9	3198
1603	10	3199
1604	1	3200
1604	2	3201
1604	3	3202
1604	4	3203
1604	5	3204
1604	6	3205
1604	7	3206
1604	8	3207
1604	9	3208
1604	10	3209
1605	1	3210
1605	2	3211
1605	3	3212
1605	4	3213
1605	5	3214
1605	6	3215
1605	7	3216
1605	8	3217
1605	9	3218
1605	10	3219
1606	1	3220
1606	2	3221
1606	3	3222
1606	4	3223
1606	5	3224
1606	6	3225
1606	7	3226
1606	8	3227
1606	9	3228
1606	10	3229
1607	1	3230
1607	2	3231
1607	3	3232
1607	4	3233
1607	5	3234
1607	6	3235
1607	7	3236
1607	8	3237
1607	9	3238
1607	10	3239
1608	1	3240
1608	2	3241
1608	3	3242
1608	4	3243
1608	5	3244
1608	6	3245
1608	7	3246
1608	8	3247
1608	9	3248
1608	10	3249
1609	1	3250
1609	2	3251
1609	3	3252
1609	4	3253
1609	5	3254
1609	6	3255
1609	7	3256
1609	8	3257
1609	9	3258
1609	10	3259
1610	1	3260
1610	4	3261
1610	6	3262
1610	7	3263
1610	9	3264
1610	10	3265
1611	1	3266
1611	2	3267
1611	3	3268
1611	4	3269
1611	5	3270
1611	6	3271
1611	7	3272
1611	8	3273
1611	9	3274
1611	10	3275
1612	1	3276
1612	2	3277
1612	3	3278
1612	4	3279
1612	5	3280
1612	6	3281
1612	7	3282
1612	8	3283
1612	9	3284
1612	10	3285
1613	1	3286
1613	2	3287
1613	3	3288
1613	4	3289
1613	5	3290
1613	6	3291
1613	7	3292
1613	8	3293
1613	9	3294
1613	10	3295
1614	1	3296
1614	2	3297
1614	3	3298
1614	4	3299
1614	5	3300
1614	6	3301
1614	7	3302
1614	8	3303
1614	9	3304
1614	10	3305
1615	1	3306
1615	2	3307
1615	3	3308
1615	4	3309
1615	5	3310
1615	6	3311
1615	7	3312
1615	8	3313
1615	9	3314
1615	10	3315
1616	1	3316
1616	2	3317
1616	3	3318
1616	4	3319
1616	5	3320
1616	6	3321
1616	7	3322
1616	8	3323
1616	9	3324
1616	10	3325
1617	1	3326
1617	4	3327
1617	5	3328
1617	7	3329
1617	9	3330
1617	10	3331
1618	1	3332
1618	2	3333
1618	3	3334
1618	4	3335
1618	5	3336
1618	6	3337
1618	7	3338
1618	8	3339
1618	9	3340
1618	10	3341
1619	1	3342
1619	2	3343
1619	3	3344
1619	4	3345
1619	5	3346
1619	6	3347
1619	7	3348
1619	8	3349
1619	9	3350
1619	10	3351
1620	1	3352
1620	2	3353
1620	3	3354
1620	4	3355
1620	5	3356
1620	6	3357
1620	7	3358
1620	8	3359
1620	9	3360
1620	10	3361
1621	1	3362
1621	2	3363
1621	3	3364
1621	4	3365
1621	5	3366
1621	6	3367
1621	7	3368
1621	8	3369
1621	9	3370
1621	10	3371
1622	1	3372
1622	2	3373
1622	3	3374
1622	4	3375
1622	5	3376
1622	6	3377
1622	7	3378
1622	8	3379
1622	9	3380
1622	10	3381
1623	1	3382
1623	2	3383
1623	3	3384
1623	4	3385
1623	5	3386
1623	6	3387
1623	7	3388
1623	8	3389
1623	9	3390
1623	10	3391
1624	1	3392
1624	4	3393
1624	9	3394
1624	10	3395
1625	1	3396
1625	2	3397
1625	3	3398
1625	4	3399
1625	5	3400
1625	6	3401
1625	7	3402
1625	8	3403
1625	9	3404
1625	10	3405
1626	1	3406
1626	2	3407
1626	3	3408
1626	4	3409
1626	5	3410
1626	6	3411
1626	7	3412
1626	8	3413
1626	9	3414
1626	10	3415
1627	1	3416
1627	2	3417
1627	3	3418
1627	4	3419
1627	5	3420
1627	6	3421
1627	7	3422
1627	8	3423
1627	9	3424
1627	10	3425
1628	1	3426
1628	2	3427
1628	3	3428
1628	4	3429
1628	5	3430
1628	6	3431
1628	7	3432
1628	8	3433
1628	9	3434
1628	10	3435
1629	1	3436
1629	2	3437
1629	3	3438
1629	4	3439
1629	5	3440
1629	6	3441
1629	7	3442
1629	8	3443
1629	9	3444
1629	10	3445
1630	1	3446
1630	2	3447
1630	4	3448
1630	5	3449
1630	6	3450
1630	7	3451
1630	8	3452
1630	9	3453
1630	10	3454
1631	9	3455
1632	1	3456
1632	2	3457
1632	3	3458
1632	4	3459
1632	5	3460
1632	6	3461
1632	7	3462
1632	8	3463
1632	9	3464
1632	10	3465
1633	1	3466
1633	2	3467
1633	3	3468
1633	4	3469
1633	5	3470
1633	6	3471
1633	7	3472
1633	8	3473
1633	9	3474
1633	10	3475
1634	1	3476
1634	2	3477
1634	3	3478
1634	4	3479
1634	5	3480
1634	6	3481
1634	7	3482
1634	8	3483
1634	9	3484
1634	10	3485
1635	1	3486
1635	2	3487
1635	3	3488
1635	4	3489
1635	5	3490
1635	6	3491
1635	7	3492
1635	8	3493
1635	9	3494
1635	10	3495
1636	1	3496
1636	2	3497
1636	3	3498
1636	4	3499
1636	5	3500
1636	6	3501
1636	7	3502
1636	8	3503
1636	9	3504
1636	10	3505
1637	1	3506
1637	2	3507
1637	3	3508
1637	4	3509
1637	5	3510
1637	6	3511
1637	7	3512
1637	8	3513
1637	9	3514
1637	10	3515
1638	1	3516
1638	2	3517
1638	3	3518
1638	6	3519
1638	9	3520
1639	1	3521
1639	2	3522
1639	3	3523
1639	4	3524
1639	5	3525
1639	6	3526
1639	7	3527
1639	8	3528
1639	9	3529
1639	10	3530
1640	1	3531
1640	2	3532
1640	3	3533
1640	4	3534
1640	5	3535
1640	6	3536
1640	7	3537
1640	8	3538
1640	9	3539
1640	10	3540
